0
0
0
0
0
0
0
0
0
0
0
0
0
0
0
0
0
0
0
0
0
0
0.000720266
0.00143941
0.00215608
0.00286745
0.00356554
0.00423159
0.0048353
0.00534666
0.00574134
0.00565351
0.00430205
0.00207964
-0.0167792
0.00144569
0.00473961
0.00344557
0.00368567
0.00263703
0.00133609
0
0
0.00144288
0.00288391
0.00432264
0.00575985
0.00718967
0.00857586
0.0098366
0.010902
0.0123397
0.0135462
0.00616716
0.0438232
0.0488493
0.0311973
-0.0348127
0.0041666
0.00966346
0.00572317
0.00273497
0
0
0.0021695
0.00433394
0.006494
0.00866818
0.0108948
0.0131472
0.0151896
0.0158004
0.0193546
0.00954519
0.0683595
0.104078
0.116081
0.107514
0.0813777
0.0570577
0.0042821
0.0071175
0.00368427
0
0
0.00290618
0.00579391
0.00864345
0.0114875
0.0145595
0.018098
0.0230951
0.0154733
-0.034499
0.0698542
0.132365
0.167714
0.181326
0.176379
0.15541
0.121165
0.0686972
-0.00223015
0.00508137
0
0
0.00367712
0.00732461
0.0108069
0.0139074
0.0174018
0.0204647
0.017155
0.0796818
0.115179
0.165495
0.20647
0.232318
0.24208
0.236148
0.215137
0.179213
0.126756
0.0552297
-0.0423644
0
0
0.00450256
0.00915257
0.0136544
0.015634
0.0210201
0.0121685
0.0909115
0.153066
0.200263
0.240328
0.270753
0.289223
0.294586
0.286422
0.264649
0.229277
0.180486
0.119784
0.0529463
0
0
0.00506803
0.0112484
0.0209924
0.0113122
-0.0363412
0.0760906
0.155505
0.215469
0.261383
0.296473
0.321075
0.33459
0.336363
0.325893
0.302824
0.266928
0.218175
0.156979
0.0842685
0
0
0.00365828
0.00701437
0.00949507
0.0644789
0.1009
0.159875
0.217207
0.266564
0.306493
0.336817
0.357252
0.3673
0.366385
0.353931
0.329374
0.292145
0.241627
0.177083
0.0973431
0
0
0.00278718
-0.00155872
0.0581685
0.11143
0.159459
0.209084
0.256788
0.29927
0.334525
0.361414
0.379139
0.387018
0.384391
0.370585
0.344877
0.306441
0.254286
0.187125
0.103191
0
0
-0.00515793
0.0302248
0.0789706
0.129084
0.177469
0.225054
0.27014
0.310421
0.344036
0.3697
0.386475
0.393608
0.390388
0.376102
0.349964
0.311063
0.25828
0.190192
0.104908
0
0
0.00280545
-0.00147862
0.0581996
0.111447
0.159474
0.209098
0.256804
0.299286
0.334539
0.361425
0.379148
0.387027
0.384399
0.370593
0.344883
0.306446
0.25429
0.187129
0.103193
0
0
0.00365901
0.00700188
0.00949542
0.064495
0.100923
0.159909
0.217243
0.266596
0.306518
0.336838
0.357271
0.367317
0.366399
0.353945
0.329386
0.292156
0.241635
0.177089
0.0973464
0
0
0.00507601
0.0112677
0.0210402
0.0113421
-0.0363187
0.076159
0.155569
0.21552
0.261422
0.296506
0.321105
0.334617
0.336388
0.325914
0.302842
0.266945
0.21819
0.156988
0.0842741
0
0
0.00451192
0.00917285
0.0136885
0.0156797
0.0210945
0.012364
0.0910179
0.153131
0.200311
0.240371
0.270793
0.28926
0.294618
0.28645
0.264674
0.229299
0.180508
0.119803
0.0529567
0
0
0.00368508
0.00734078
0.0108313
0.0139383
0.0174356
0.020483
0.0172182
0.079726
0.115216
0.165541
0.206519
0.232363
0.242118
0.236181
0.215165
0.179242
0.126789
0.055265
-0.0423448
0
0
0.00291228
0.00580601
0.00866118
0.0115099
0.014585
0.0181252
0.0231309
0.0154785
-0.0345041
0.0699212
0.132434
0.16777
0.181369
0.176414
0.155443
0.121198
0.0687427
-0.0021455
0.00510632
0
0
0.0021739
0.00434265
0.0065068
0.00868474
0.0109149
0.0131712
0.0152197
0.0158384
0.0194258
0.00975668
0.0684765
0.104145
0.11612
0.107543
0.0813995
0.0570753
0.00429852
0.00710995
0.0036866
0
0
0.00144576
0.00288962
0.0043311
0.005771
0.00720359
0.00859291
0.00985759
0.0109278
0.0123711
0.013571
0.00626042
0.0438578
0.0488469
0.0312101
-0.0348151
0.0041637
0.00967327
0.00572574
0.00273637
0
0
0.000721691
0.00144225
0.00216031
0.00287307
0.00357262
0.00424027
0.00484577
0.00535891
0.00575469
0.00566544
0.00431244
0.00203642
-0.0169752
0.00147842
0.0047523
0.0034504
0.00368962
0.00263904
0.00133699
0
0
0
0
0
0
0
0
0
0
0
0
0
0
0
0
0
0
0
0
0
0
